20 3 0.200000 0.500000 200 12.000000
-997.50 127.21 -613.38 -1
617.53 170.05 -40.22 1
-299.40 791.98 645.73 1
493.26 -651.77 717.94 -1
421.05 27.10 -391.99 -1
-970.03 -817.19 -271.07 -1
-705.37 -668.19 977.11 -1
-108.59 -761.83 -990.66 -1
-982.18 -244.22 63.36 -1
142.40 203.56 214.37 1
-667.52 326.13 -98.39 1
-295.73 -885.92 215.41 -1
566.68 605.26 39.80 1
-396.08 752.00 453.40 1
911.86 851.49 78.74 1
-715.31 -75.81 -529.33 -1
724.53 -580.78 559.36 1
687.36 993.65 999.45 1
223.04 -215.10 -467.56 -1
-405.42 680.34 -952.51 -1